function motor = init_motor()

L_x = 0.7*2;%旋翼轴向距离
L_y = 0.74*2;% 旋翼侧向距离


% 电机安装位置
motor.setup_position = [
    L_x  L_y 0    % 左前
    L_x -L_y 0  % 右前
    -L_x -L_y 0
    -L_x  L_y 0];

% 电机安装角度(ZYX)
motor.setup_angle =[
    0 0 -5
    0 0 -5
    0 0 5
    0 0 5
    ]*pi/180;

% 电机旋转方向，拉力轴向右手定则（俯视，逆时针为正，顺时针为负）
motor.rotation = [
    +1  % 顺时针
    -1
    -1
    +1
    ];

mc_perf = [
    % 油门	电调温度	拉力（kg）	转速(rpm)	电压（V）	供电电流（A）	扭矩（N·M）
    0       0    0       0       0      0       0
    20/100	27	1.99	1296.8	58.2	2.35	0.8
    25/100	27	3.15	1622.8	58.25	4.33	1.23
    30/100	27	4.51	1948.8	58.14	6.93	1.74
    35/100	27	6.09	2265.5	58.02	10.51	2.35
    40/100	27	7.96	2569.4	57.87	15.15	3.06
    45/100	28	9.76	2855.9	57.70	20.6	3.75
    50/100	28	11.65	3116.9	57.56	27.0	4.49
    55/100	28	13.82	3361.7	57.30	34.9	5.31
    60/100	28	15.81	3591.4	57.11	44.4	6.23
    65/100	29	18.13	3815.2	56.74	53.6	7.04
    70/100	29	19.91	3999.7	56.61	63.9	7.79
    75/100	30	22.13	4192.2	56.11	76.2	8.7
    80/100	30	23.54	4392.9	55.83	86.6	9.39
    85/100	31	25.65	4518.2	55.47	99.9	10.12
    90/100	32	26.96	4580.8	55.18	111.2	10.63
    95/100	33	28.27	4665.5	54.81	123.4	11.03
    100/100	33	27.74	4645.8	54.86	121.1	10.83
    ];

% 拉力曲线
motor.thrust.delta = mc_perf(:,1);
motor.thrust.force = mc_perf(:,3)*9.8;
motor.torque.rpm = mc_perf(:,4);

% 扭矩曲线
motor.torque.delta  = mc_perf(:,1);
motor.torque.moment = mc_perf(:,7);
motor.torque.voltage = mc_perf(:,5);
motor.torque.electricity = mc_perf(:,6);

