                          AERODYNAMIC DATABASE FOR CONTROLLED FLIGHT OF L400       
                    ============================================================
                                PROJECT:  L400-V1    DATE:2024-12-29                                

REFERENCE C. G. POSITION:           X   =   2187.60 mm,  Y =      0.00 mm,  Z =    138.60 mm 
REFERENCE OF AERA:                  S   =     11.10 m^2 
REFERENCE OF LONGITUDINAL LENGTH:   BA  =   1000.00 mm  
REFERENCE OF DIRECTIONAL LENGTH:    L   =  11500.00 mm  

DATA BLOCK OF VECTORS
================================
ALPHA VECTOR
11  
  -4  -2   0   2   4   6   8  10  12  14  16
================================
BETA VECTOR
15  
 -20 -18 -16 -14 -12  -8  -4   0   4   8  12  14  16  18  20
================================
DF VECTOR
7   
   0   5  10  15  20  25  30
================================
DA VECTOR
9   
 -23 -20 -15 -10  -5   0   5  10  15
================================
DE VECTOR
10  
 -23 -20 -15 -10  -5   0   5  10  15  17
================================
DR VECTOR
11  
 -23 -20 -15 -10  -5   0   5  10  15  20  23
================================
H VECTOR
2   
  0.00  5.80
================================

==========  begin longitudinal part

          **********  longitudinal basic data  **********

==========  CLB - ALPHA  ==========
   0.06131   0.27412   0.48726   0.69712   0.90339   1.10446   1.29813   1.47601   1.62200   1.69935   1.73673

==========  CDB - ALPHA  ==========
   0.03513   0.03498   0.03833   0.04486   0.05435   0.06668   0.08178   0.09968   0.12048   0.14815   0.18599

==========  CMB - ALPHA  ==========
   0.09364   0.05160   0.00474  -0.04031  -0.08769  -0.13688  -0.19259  -0.25144  -0.31676  -0.38886  -0.45850

          **********  flap efficiency  (left only)  **********

==========  CLDFL - DF,ALPHA  ==========
   0.00000   0.00000   0.00000   0.00000   0.00000   0.00000   0.00000   0.00000   0.00000   0.00000   0.00000
   0.05731   0.05759   0.05681   0.05631   0.05509   0.05408   0.05208   0.05113   0.05263   0.06203   0.06802
   0.12155   0.12376   0.12443   0.12496   0.12459   0.12369   0.12176   0.11977   0.11765   0.11233   0.11068
   0.18888   0.19260   0.19396   0.19463   0.19439   0.19375   0.19107   0.18703   0.18046   0.16171   0.15049
   0.25974   0.26494   0.26709   0.26833   0.26814   0.26701   0.26312   0.25710   0.24531   0.20939   0.18695
   0.33497   0.34079   0.34249   0.34287   0.34139   0.33837   0.33226   0.32359   0.30954   0.26991   0.22691
   0.40888   0.41445   0.41524   0.41486   0.41288   0.40920   0.40175   0.39087   0.37568   0.35459   0.28369

==========  CDDFL - DF,ALPHA  ==========
   0.00000   0.00000   0.00000   0.00000   0.00000   0.00000   0.00000   0.00000   0.00000   0.00000   0.00000
   0.00135   0.00215   0.00290   0.00356   0.00418   0.00479   0.00526   0.00567   0.00615   0.00722   0.00843
   0.00369   0.00535   0.00696   0.00844   0.00984   0.01116   0.01233   0.01336   0.01417   0.01611   0.01825
   0.00725   0.00984   0.01230   0.01458   0.01674   0.01881   0.02064   0.02216   0.02336   0.02620   0.02897
   0.01238   0.01593   0.01925   0.02232   0.02527   0.02807   0.03050   0.03249   0.03379   0.03686   0.04011
   0.01937   0.02389   0.02808   0.03196   0.03559   0.03894   0.04189   0.04426   0.04575   0.04838   0.05208
   0.02859   0.03397   0.03888   0.04346   0.04776   0.05177   0.05531   0.05807   0.05978   0.06104   0.06516

==========  CMDFL - DF,ALPHA  ==========
   0.00000   0.00000   0.00000   0.00000   0.00000   0.00000   0.00000   0.00000   0.00000   0.00000   0.00000
  -0.00252  -0.00394  -0.00216  -0.00302  -0.00345  -0.00620  -0.00495  -0.00381  -0.00264  -0.00408  -0.00949
  -0.00703  -0.00812  -0.00707  -0.00945  -0.01098  -0.01234  -0.01138  -0.01094  -0.00995  -0.01143  -0.01825
  -0.01297  -0.01421  -0.01276  -0.01513  -0.01702  -0.02001  -0.01944  -0.01856  -0.01742  -0.01858  -0.02351
  -0.01757  -0.01965  -0.01905  -0.02216  -0.02477  -0.02819  -0.02628  -0.02577  -0.02399  -0.02536  -0.02792
  -0.02498  -0.02752  -0.02636  -0.02951  -0.03220  -0.03518  -0.03414  -0.03381  -0.03166  -0.03191  -0.03107
  -0.03387  -0.03888  -0.03768  -0.04028  -0.04324  -0.04710  -0.04597  -0.04469  -0.04283  -0.04212  -0.03556

          **********  flap efficiency  (right only)  **********

==========  CLDFR - DF,ALPHA  ==========
   0.00000   0.00000   0.00000   0.00000   0.00000   0.00000   0.00000   0.00000   0.00000   0.00000   0.00000
   0.05731   0.05759   0.05681   0.05631   0.05509   0.05408   0.05208   0.05113   0.05263   0.06203   0.06802
   0.12155   0.12376   0.12443   0.12496   0.12459   0.12369   0.12176   0.11977   0.11765   0.11233   0.11068
   0.18888   0.19260   0.19396   0.19463   0.19439   0.19375   0.19107   0.18703   0.18046   0.16171   0.15049
   0.25974   0.26494   0.26709   0.26833   0.26814   0.26701   0.26312   0.25710   0.24531   0.20939   0.18695
   0.33497   0.34079   0.34249   0.34287   0.34139   0.33837   0.33226   0.32359   0.30954   0.26991   0.22691
   0.40888   0.41445   0.41524   0.41486   0.41288   0.40920   0.40175   0.39087   0.37568   0.35459   0.28369

==========  CDDFR - DF,ALPHA  ==========
   0.00000   0.00000   0.00000   0.00000   0.00000   0.00000   0.00000   0.00000   0.00000   0.00000   0.00000
   0.00135   0.00215   0.00290   0.00356   0.00418   0.00479   0.00526   0.00567   0.00615   0.00722   0.00843
   0.00369   0.00535   0.00696   0.00844   0.00984   0.01116   0.01233   0.01336   0.01417   0.01611   0.01825
   0.00725   0.00984   0.01230   0.01458   0.01674   0.01881   0.02064   0.02216   0.02336   0.02620   0.02897
   0.01238   0.01593   0.01925   0.02232   0.02527   0.02807   0.03050   0.03249   0.03379   0.03686   0.04011
   0.01937   0.02389   0.02808   0.03196   0.03559   0.03894   0.04189   0.04426   0.04575   0.04838   0.05208
   0.02859   0.03397   0.03888   0.04346   0.04776   0.05177   0.05531   0.05807   0.05978   0.06104   0.06516

==========  CMDFR - DF,ALPHA  ==========
   0.00000   0.00000   0.00000   0.00000   0.00000   0.00000   0.00000   0.00000   0.00000   0.00000   0.00000
  -0.00252  -0.00394  -0.00216  -0.00302  -0.00345  -0.00620  -0.00495  -0.00381  -0.00264  -0.00408  -0.00949
  -0.00703  -0.00812  -0.00707  -0.00945  -0.01098  -0.01234  -0.01138  -0.01094  -0.00995  -0.01143  -0.01825
  -0.01297  -0.01421  -0.01276  -0.01513  -0.01702  -0.02001  -0.01944  -0.01856  -0.01742  -0.01858  -0.02351
  -0.01757  -0.01965  -0.01905  -0.02216  -0.02477  -0.02819  -0.02628  -0.02577  -0.02399  -0.02536  -0.02792
  -0.02498  -0.02752  -0.02636  -0.02951  -0.03220  -0.03518  -0.03414  -0.03381  -0.03166  -0.03191  -0.03107
  -0.03387  -0.03888  -0.03768  -0.04028  -0.04324  -0.04710  -0.04597  -0.04469  -0.04283  -0.04212  -0.03556

          **********  aileron efficiency (left only)  **********

==========  CLDAL - DA,ALPHA  ==========
  -0.11692  -0.11810  -0.12034  -0.12091  -0.12120  -0.12071  -0.11971  -0.11558  -0.10482  -0.07831  -0.05833
  -0.10779  -0.10907  -0.11082  -0.11138  -0.11139  -0.11058  -0.10954  -0.10561  -0.09551  -0.07008  -0.05175
  -0.08518  -0.08555  -0.08639  -0.08594  -0.08497  -0.08356  -0.08224  -0.07849  -0.06938  -0.04837  -0.03118
  -0.05821  -0.05830  -0.05916  -0.05900  -0.05837  -0.05745  -0.05670  -0.05418  -0.04729  -0.02723  -0.01073
  -0.02912  -0.02866  -0.02937  -0.02897  -0.02829  -0.02742  -0.02678  -0.02461  -0.01968  -0.00427   0.00887
   0.00000   0.00000   0.00000   0.00000   0.00000   0.00000   0.00000   0.00000   0.00000   0.00000   0.00000
   0.02871   0.02937   0.02803   0.02796   0.02757   0.02716   0.02576   0.02517   0.02604   0.03693   0.04708
   0.05347   0.05353   0.05185   0.05083   0.04931   0.04771   0.04490   0.04289   0.04175   0.05037   0.05627
   0.07063   0.06974   0.06661   0.06436   0.06192   0.05944   0.05581   0.05314   0.05121   0.05821   0.06487

==========  CDDAL - DA,ALPHA  ==========
   0.00565   0.00420   0.00279   0.00132  -0.00015  -0.00163  -0.00317  -0.00472  -0.00620  -0.00870  -0.01107
   0.00432   0.00298   0.00166   0.00028  -0.00108  -0.00242  -0.00383  -0.00523  -0.00656  -0.00871  -0.01094
   0.00228   0.00120   0.00015  -0.00092  -0.00195  -0.00294  -0.00398  -0.00501  -0.00596  -0.00777  -0.00948
   0.00079   0.00004  -0.00066  -0.00140  -0.00212  -0.00280  -0.00352  -0.00424  -0.00486  -0.00590  -0.00705
   0.00006  -0.00032  -0.00066  -0.00103  -0.00137  -0.00167  -0.00202  -0.00234  -0.00264  -0.00320  -0.00397
   0.00000   0.00000   0.00000   0.00000   0.00000   0.00000   0.00000   0.00000   0.00000   0.00000   0.00000
   0.00074   0.00111   0.00149   0.00180   0.00211   0.00241   0.00261   0.00282   0.00316   0.00372   0.00376
   0.00207   0.00275   0.00337   0.00391   0.00443   0.00492   0.00528   0.00564   0.00613   0.00706   0.00732
   0.00388   0.00474   0.00554   0.00618   0.00678   0.00734   0.00775   0.00818   0.00880   0.00990   0.01041

==========  CMDAL - DA,ALPHA  ==========
   0.02263   0.02238   0.02729   0.02788   0.02881   0.02874   0.03086   0.03249   0.03388   0.03257   0.02688
   0.02119   0.02195   0.02506   0.02614   0.02684   0.02592   0.02803   0.02969   0.03135   0.03001   0.02614
   0.01577   0.01627   0.01920   0.01901   0.01879   0.01840   0.02116   0.02226   0.02342   0.02236   0.01813
   0.01016   0.00975   0.01276   0.01351   0.01347   0.01249   0.01395   0.01476   0.01570   0.01520   0.01313
   0.00520   0.00389   0.00715   0.00736   0.00700   0.00576   0.00670   0.00749   0.00870   0.00783   0.00587
   0.00000   0.00000   0.00000   0.00000   0.00000   0.00000   0.00000   0.00000   0.00000   0.00000   0.00000
  -0.00610  -0.00840  -0.00401  -0.00509  -0.00616  -0.00800  -0.00638  -0.00561  -0.00483  -0.00512  -0.00508
  -0.00851  -0.01054  -0.00777  -0.00896  -0.00987  -0.01196  -0.01065  -0.00982  -0.00873  -0.00935  -0.00817
  -0.01126  -0.01409  -0.01017  -0.01083  -0.01174  -0.01392  -0.01209  -0.01164  -0.01078  -0.01076  -0.01024

          **********  aileron efficiency (right only)  **********

==========  CLDAR - DA,ALPHA  ==========
  -0.11692  -0.11810  -0.12034  -0.12091  -0.12120  -0.12071  -0.11971  -0.11558  -0.10482  -0.07831  -0.05833
  -0.10779  -0.10907  -0.11082  -0.11138  -0.11139  -0.11058  -0.10954  -0.10561  -0.09551  -0.07008  -0.05175
  -0.08518  -0.08555  -0.08639  -0.08594  -0.08497  -0.08356  -0.08224  -0.07849  -0.06938  -0.04837  -0.03118
  -0.05821  -0.05830  -0.05916  -0.05900  -0.05837  -0.05745  -0.05670  -0.05418  -0.04729  -0.02723  -0.01073
  -0.02912  -0.02866  -0.02937  -0.02897  -0.02829  -0.02742  -0.02678  -0.02461  -0.01968  -0.00427   0.00887
   0.00000   0.00000   0.00000   0.00000   0.00000   0.00000   0.00000   0.00000   0.00000   0.00000   0.00000
   0.02871   0.02937   0.02803   0.02796   0.02757   0.02716   0.02576   0.02517   0.02604   0.03693   0.04708
   0.05347   0.05353   0.05185   0.05083   0.04931   0.04771   0.04490   0.04289   0.04175   0.05037   0.05627
   0.07063   0.06974   0.06661   0.06436   0.06192   0.05944   0.05581   0.05314   0.05121   0.05821   0.06487

==========  CDDAR - DA,ALPHA  ==========
   0.00565   0.00420   0.00279   0.00132  -0.00015  -0.00163  -0.00317  -0.00472  -0.00620  -0.00870  -0.01107
   0.00432   0.00298   0.00166   0.00028  -0.00108  -0.00242  -0.00383  -0.00523  -0.00656  -0.00871  -0.01094
   0.00228   0.00120   0.00015  -0.00092  -0.00195  -0.00294  -0.00398  -0.00501  -0.00596  -0.00777  -0.00948
   0.00079   0.00004  -0.00066  -0.00140  -0.00212  -0.00280  -0.00352  -0.00424  -0.00486  -0.00590  -0.00705
   0.00006  -0.00032  -0.00066  -0.00103  -0.00137  -0.00167  -0.00202  -0.00234  -0.00264  -0.00320  -0.00397
   0.00000   0.00000   0.00000   0.00000   0.00000   0.00000   0.00000   0.00000   0.00000   0.00000   0.00000
   0.00074   0.00111   0.00149   0.00180   0.00211   0.00241   0.00261   0.00282   0.00316   0.00372   0.00376
   0.00207   0.00275   0.00337   0.00391   0.00443   0.00492   0.00528   0.00564   0.00613   0.00706   0.00732
   0.00388   0.00474   0.00554   0.00618   0.00678   0.00734   0.00775   0.00818   0.00880   0.00990   0.01041

==========  CMDAR - DA,ALPHA  ==========
   0.02263   0.02238   0.02729   0.02788   0.02881   0.02874   0.03086   0.03249   0.03388   0.03257   0.02688
   0.02119   0.02195   0.02506   0.02614   0.02684   0.02592   0.02803   0.02969   0.03135   0.03001   0.02614
   0.01577   0.01627   0.01920   0.01901   0.01879   0.01840   0.02116   0.02226   0.02342   0.02236   0.01813
   0.01016   0.00975   0.01276   0.01351   0.01347   0.01249   0.01395   0.01476   0.01570   0.01520   0.01313
   0.00520   0.00389   0.00715   0.00736   0.00700   0.00576   0.00670   0.00749   0.00870   0.00783   0.00587
   0.00000   0.00000   0.00000   0.00000   0.00000   0.00000   0.00000   0.00000   0.00000   0.00000   0.00000
  -0.00610  -0.00840  -0.00401  -0.00509  -0.00616  -0.00800  -0.00638  -0.00561  -0.00483  -0.00512  -0.00508
  -0.00851  -0.01054  -0.00777  -0.00896  -0.00987  -0.01196  -0.01065  -0.00982  -0.00873  -0.00935  -0.00817
  -0.01126  -0.01409  -0.01017  -0.01083  -0.01174  -0.01392  -0.01209  -0.01164  -0.01078  -0.01076  -0.01024

          **********  elevator efficiency  **********

==========  CLDE - DE,ALPHA  ==========
  -0.10023  -0.10091  -0.10210  -0.10186  -0.10154  -0.10099  -0.10106  -0.09966  -0.09533  -0.08015  -0.06841
  -0.08988  -0.09025  -0.09122  -0.09081  -0.09020  -0.08946  -0.08948  -0.08794  -0.08309  -0.06855  -0.05828
  -0.07099  -0.07126  -0.07208  -0.07158  -0.07092  -0.07012  -0.07054  -0.06962  -0.06525  -0.05165  -0.04391
  -0.05019  -0.05033  -0.05111  -0.05055  -0.04985  -0.04914  -0.04958  -0.04848  -0.04477  -0.03200  -0.01927
  -0.02763  -0.02664  -0.02718  -0.02681  -0.02587  -0.02497  -0.02546  -0.02471  -0.02034  -0.00689   0.00574
   0.00000   0.00000   0.00000   0.00000   0.00000   0.00000   0.00000   0.00000   0.00000   0.00000   0.00000
   0.02641   0.02639   0.02558   0.02608   0.02673   0.02766   0.02778   0.02895   0.03226   0.04497   0.05521
   0.05188   0.05172   0.05082   0.05121   0.05167   0.05210   0.05140   0.05176   0.05438   0.06590   0.07441
   0.07056   0.07027   0.06923   0.06958   0.07004   0.07050   0.06985   0.07032   0.07268   0.08520   0.09047
   0.07835   0.07804   0.07708   0.07756   0.07791   0.07820   0.07736   0.07724   0.07959   0.09081   0.09619

==========  CDDE - DE,ALPHA  ==========
   0.01769   0.01531   0.01286   0.01034   0.00781   0.00526   0.00263  -0.00001  -0.00251  -0.00533  -0.00942
   0.01479   0.01262   0.01038   0.00808   0.00581   0.00354   0.00119  -0.00115  -0.00335  -0.00594  -0.00969
   0.01008   0.00833   0.00653   0.00472   0.00293   0.00113  -0.00073  -0.00261  -0.00437  -0.00643  -0.00971
   0.00598   0.00473   0.00344   0.00214   0.00087  -0.00039  -0.00173  -0.00305  -0.00434  -0.00592  -0.00777
   0.00258   0.00189   0.00120   0.00050  -0.00015  -0.00076  -0.00147  -0.00218  -0.00273  -0.00352  -0.00457
   0.00000   0.00000   0.00000   0.00000   0.00000   0.00000   0.00000   0.00000   0.00000   0.00000   0.00000
  -0.00121  -0.00052   0.00016   0.00082   0.00152   0.00225   0.00293   0.00367   0.00454   0.00538   0.00565
  -0.00125   0.00011   0.00144   0.00272   0.00405   0.00542   0.00668   0.00798   0.00942   0.01089   0.01140
   0.00036   0.00223   0.00404   0.00581   0.00763   0.00948   0.01123   0.01301   0.01489   0.01706   0.01748
   0.00115   0.00320   0.00520   0.00717   0.00917   0.01120   0.01313   0.01506   0.01723   0.01950   0.01978

==========  CMDE - DE,ALPHA  ==========
   0.41517   0.41763   0.42191   0.42134   0.42027   0.41819   0.41968   0.42094   0.42238   0.42371   0.42845
   0.37120   0.37293   0.37642   0.37505   0.37316   0.37028   0.37125   0.37228   0.37306   0.37470   0.38552
   0.29108   0.29229   0.29540   0.29382   0.29169   0.28851   0.28994   0.29132   0.29246   0.29651   0.31158
   0.20462   0.20582   0.20893   0.20732   0.20523   0.20277   0.20489   0.20648   0.20820   0.21238   0.21252
   0.11101   0.10775   0.11010   0.10934   0.10595   0.10248   0.10452   0.10612   0.10693   0.10836   0.10598
   0.00000   0.00000   0.00000   0.00000   0.00000   0.00000   0.00000   0.00000   0.00000   0.00000   0.00000
  -0.10430  -0.10360  -0.10050  -0.10203  -0.10432  -0.10791  -0.10785  -0.10884  -0.11017  -0.11197  -0.10876
  -0.20294  -0.20188  -0.19872  -0.20030  -0.20283  -0.20600  -0.20512  -0.20500  -0.20496  -0.20762  -0.19849
  -0.27438  -0.27345  -0.27049  -0.27306  -0.27619  -0.27995  -0.27993  -0.28081  -0.28189  -0.28602  -0.26944
  -0.30297  -0.30239  -0.29984  -0.30288  -0.30625  -0.31012  -0.31014  -0.31116  -0.31246  -0.31587  -0.29457

          **********  rudder efficiency  **********

==========  CLDR - DR,ALPHA  ==========
   0.00209   0.00188   0.00087   0.00106   0.00121   0.00133   0.00050   0.00115   0.00399   0.01580   0.02588
   0.00096   0.00092   0.00005   0.00016   0.00033   0.00042  -0.00039   0.00025   0.00319   0.01687   0.02711
   0.00048   0.00052  -0.00012   0.00023   0.00046   0.00104   0.00064   0.00163   0.00507   0.01687   0.02681
   0.00009   0.00006  -0.00077  -0.00025   0.00014   0.00043  -0.00017   0.00076   0.00459   0.01707   0.02798
  -0.00028  -0.00019  -0.00093  -0.00048  -0.00002   0.00022  -0.00033   0.00071   0.00459   0.01704   0.02893
   0.00000   0.00000   0.00000   0.00000   0.00000   0.00000   0.00000   0.00000   0.00000   0.00000   0.00000
  -0.00028  -0.00019  -0.00093  -0.00048  -0.00002   0.00022  -0.00033   0.00071   0.00459   0.01704   0.02893
   0.00009   0.00006  -0.00077  -0.00025   0.00014   0.00043  -0.00017   0.00076   0.00459   0.01707   0.02798
   0.00048   0.00052  -0.00012   0.00023   0.00046   0.00104   0.00064   0.00163   0.00507   0.01687   0.02681
   0.00096   0.00092   0.00005   0.00016   0.00033   0.00042  -0.00039   0.00025   0.00319   0.01687   0.02711
   0.00209   0.00188   0.00087   0.00106   0.00121   0.00133   0.00050   0.00115   0.00399   0.01580   0.02588

==========  CDDR - DR,ALPHA  ==========
   0.01042   0.01039   0.01033   0.01021   0.01011   0.01002   0.00986   0.00976   0.00971   0.00957   0.00928
   0.00796   0.00793   0.00787   0.00778   0.00769   0.00763   0.00750   0.00744   0.00748   0.00742   0.00698
   0.00456   0.00457   0.00457   0.00453   0.00451   0.00449   0.00439   0.00431   0.00437   0.00444   0.00422
   0.00204   0.00205   0.00206   0.00203   0.00201   0.00199   0.00192   0.00188   0.00204   0.00227   0.00186
   0.00056   0.00057   0.00057   0.00054   0.00052   0.00052   0.00046   0.00042   0.00059   0.00056   0.00027
   0.00000   0.00000   0.00000   0.00000   0.00000   0.00000   0.00000   0.00000   0.00000   0.00000   0.00000
   0.00056   0.00057   0.00057   0.00054   0.00052   0.00052   0.00046   0.00042   0.00059   0.00056   0.00027
   0.00204   0.00205   0.00206   0.00203   0.00201   0.00199   0.00192   0.00188   0.00204   0.00227   0.00186
   0.00456   0.00457   0.00457   0.00453   0.00451   0.00449   0.00439   0.00431   0.00437   0.00444   0.00422
   0.00796   0.00793   0.00787   0.00778   0.00769   0.00763   0.00750   0.00744   0.00748   0.00742   0.00698
   0.01042   0.01039   0.01033   0.01021   0.01011   0.01002   0.00986   0.00976   0.00971   0.00957   0.00928

==========  CMDR - DR,ALPHA  ==========
   0.00075   0.00058   0.00325   0.00191   0.00046  -0.00148   0.00039   0.00061   0.00065   0.00005   0.00379
   0.00207   0.00169   0.00394   0.00272   0.00136  -0.00064   0.00067   0.00053   0.00092   0.00068   0.00326
   0.00285   0.00308   0.00545   0.00421   0.00359   0.00159   0.00282   0.00313   0.00305   0.00175   0.00399
   0.00186   0.00220   0.00502   0.00345   0.00226   0.00087   0.00205   0.00307   0.00246   0.00134   0.00116
  -0.00012   0.00036   0.00337   0.00245   0.00128  -0.00054   0.00153   0.00211   0.00139   0.00120   0.00051
   0.00000   0.00000   0.00000   0.00000   0.00000   0.00000   0.00000   0.00000   0.00000   0.00000   0.00000
  -0.00012   0.00036   0.00337   0.00245   0.00128  -0.00054   0.00153   0.00211   0.00139   0.00120   0.00051
   0.00186   0.00220   0.00502   0.00345   0.00226   0.00087   0.00205   0.00307   0.00246   0.00134   0.00116
   0.00285   0.00308   0.00545   0.00421   0.00359   0.00159   0.00282   0.00313   0.00305   0.00175   0.00399
   0.00207   0.00169   0.00394   0.00272   0.00136  -0.00064   0.00067   0.00053   0.00092   0.00068   0.00326
   0.00075   0.00058   0.00325   0.00191   0.00046  -0.00148   0.00039   0.00061   0.00065   0.00005   0.00379

          **********  beta effect to rudder efficiency  **********

==========  CLDRBETA - DR,ALPHA,BETA  ==========
*****  BETA = -20.000  *****
  -0.00621  -0.00624  -0.00627  -0.00821  -0.01016  -0.00806  -0.00596  -0.00329  -0.00062  -0.00062  -0.00062
  -0.00420  -0.00408  -0.00395  -0.00571  -0.00747  -0.00666  -0.00585  -0.00860  -0.01136  -0.01136  -0.01136
  -0.00232  -0.00165  -0.00098  -0.00149  -0.00199  -0.00244  -0.00290  -0.00991  -0.01693  -0.01693  -0.01693
  -0.00294  -0.00185  -0.00076  -0.00191  -0.00305  -0.00237  -0.00170  -0.00746  -0.01322  -0.01322  -0.01322
  -0.00131  -0.00105  -0.00079  -0.00110  -0.00140  -0.00089  -0.00037  -0.01118  -0.02199  -0.02199  -0.02199
   0.00000   0.00000   0.00000   0.00000   0.00000   0.00000   0.00000   0.00000   0.00000   0.00000   0.00000
   0.00156   0.00172   0.00188   0.00170   0.00153   0.00144   0.00135  -0.00196  -0.00528  -0.00528  -0.00528
   0.00284   0.00312   0.00340   0.00285   0.00230   0.00209   0.00187  -0.00115  -0.00418  -0.00418  -0.00418
   0.00545   0.00585   0.00626   0.00583   0.00541   0.00451   0.00361  -0.00014  -0.00389  -0.00389  -0.00389
   0.00726   0.00736   0.00747   0.00701   0.00656   0.00576   0.00496   0.00295   0.00093   0.00093   0.00093
   0.00816   0.00815   0.00814   0.00747   0.00680   0.00600   0.00519  -0.00359  -0.01237  -0.01237  -0.01237
*****  BETA = -18.000  *****
  -0.01777  -0.01917  -0.02057  -0.01691  -0.01326  -0.01303  -0.01280  -0.01227  -0.01175  -0.01175  -0.01175
  -0.01746  -0.01927  -0.02109  -0.01738  -0.01367  -0.01349  -0.01331  -0.01243  -0.01155  -0.01155  -0.01155
  -0.01303  -0.01717  -0.02132  -0.01809  -0.01486  -0.01516  -0.01546  -0.01232  -0.00919  -0.00919  -0.00919
  -0.00795  -0.01344  -0.01893  -0.01789  -0.01686  -0.01687  -0.01687  -0.01233  -0.00779  -0.00779  -0.00779
  -0.00138  -0.00398  -0.00658  -0.00884  -0.01111  -0.00942  -0.00772  -0.00626  -0.00481  -0.00481  -0.00481
   0.00000   0.00000   0.00000   0.00000   0.00000   0.00000   0.00000   0.00000   0.00000   0.00000   0.00000
   0.00029  -0.00020  -0.00070   0.00200   0.00469   0.00228  -0.00014  -0.00296  -0.00578  -0.00578  -0.00578
   0.00203   0.00027  -0.00149   0.00049   0.00246   0.00200   0.00153  -0.00118  -0.00390  -0.00390  -0.00390
   0.00493   0.00239  -0.00015   0.00267   0.00548   0.00434   0.00320   0.00018  -0.00283  -0.00283  -0.00283
   0.00717   0.00502   0.00287   0.00485   0.00682   0.00589   0.00496   0.00288   0.00079   0.00079   0.00079
   0.00834   0.00647   0.00460   0.00610   0.00759   0.00648   0.00537   0.00063  -0.00411  -0.00411  -0.00411
*****  BETA = -16.000  *****
  -0.01232  -0.00436   0.00360   0.00345   0.00330   0.00258   0.00185  -0.00088  -0.00362  -0.00362  -0.00362
  -0.01241  -0.00454   0.00333   0.00329   0.00325   0.00238   0.00150  -0.00099  -0.00348  -0.00348  -0.00348
  -0.01275  -0.00465   0.00344   0.00349   0.00355   0.00259   0.00163  -0.00094  -0.00352  -0.00352  -0.00352
  -0.01387  -0.00556   0.00274   0.00285   0.00296   0.00254   0.00212  -0.00072  -0.00356  -0.00356  -0.00356
  -0.00609  -0.00288   0.00032   0.00092   0.00151   0.00138   0.00126  -0.00125  -0.00376  -0.00376  -0.00376
   0.00000   0.00000   0.00000   0.00000   0.00000   0.00000   0.00000   0.00000   0.00000   0.00000   0.00000
   0.00734   0.00588   0.00441   0.00144  -0.00154  -0.00142  -0.00130  -0.00502  -0.00875  -0.00875  -0.00875
   0.01150   0.01179   0.01207   0.00514  -0.00178  -0.00148  -0.00117  -0.00460  -0.00803  -0.00803  -0.00803
   0.01208   0.01659   0.02110   0.00897  -0.00317  -0.00116   0.00085   0.00439   0.00792   0.00792   0.00792
   0.01213   0.01736   0.02259   0.01560   0.00861   0.01349   0.01837   0.01388   0.00938   0.00938   0.00938
   0.01569   0.01759   0.01949   0.01602   0.01254   0.01609   0.01965   0.01434   0.00904   0.00904   0.00904
*****  BETA = -14.000  *****
   0.00329   0.00346   0.00363   0.00283   0.00203   0.00192   0.00181  -0.00057  -0.00295  -0.00295  -0.00295
   0.00323   0.00336   0.00349   0.00265   0.00181   0.00150   0.00119  -0.00090  -0.00299  -0.00299  -0.00299
   0.00326   0.00340   0.00355   0.00279   0.00204   0.00169   0.00135  -0.00106  -0.00347  -0.00347  -0.00347
   0.00264   0.00298   0.00332   0.00247   0.00163   0.00159   0.00155  -0.00102  -0.00359  -0.00359  -0.00359
   0.00087   0.00155   0.00222   0.00155   0.00087   0.00088   0.00089  -0.00155  -0.00400  -0.00400  -0.00400
   0.00000   0.00000   0.00000   0.00000   0.00000   0.00000   0.00000   0.00000   0.00000   0.00000   0.00000
   0.00129   0.00041  -0.00047  -0.00081  -0.00115  -0.00088  -0.00061  -0.00281  -0.00501  -0.00501  -0.00501
   0.00926   0.00459  -0.00008  -0.00055  -0.00102  -0.00089  -0.00076  -0.00270  -0.00465  -0.00465  -0.00465
   0.01692   0.01024   0.00355   0.00169  -0.00016  -0.00034  -0.00051  -0.00298  -0.00545  -0.00545  -0.00545
   0.01670   0.01083   0.00496   0.00260   0.00023   0.00021   0.00019  -0.00161  -0.00341  -0.00341  -0.00341
   0.00894   0.00538   0.00181   0.00064  -0.00054  -0.00051  -0.00048  -0.00237  -0.00427  -0.00427  -0.00427
*****  BETA = -12.000  *****
   0.00276   0.00280   0.00283   0.00235   0.00186   0.00194   0.00202  -0.00009  -0.00220  -0.00220  -0.00220
   0.00268   0.00268   0.00269   0.00212   0.00156   0.00149   0.00142  -0.00033  -0.00209  -0.00209  -0.00209
   0.00275   0.00272   0.00269   0.00218   0.00168   0.00164   0.00161  -0.00083  -0.00327  -0.00327  -0.00327
   0.00222   0.00238   0.00254   0.00189   0.00124   0.00129   0.00135  -0.00111  -0.00358  -0.00358  -0.00358
   0.00167   0.00180   0.00193   0.00132   0.00071   0.00073   0.00075  -0.00150  -0.00375  -0.00375  -0.00375
   0.00000   0.00000   0.00000   0.00000   0.00000   0.00000   0.00000   0.00000   0.00000   0.00000   0.00000
  -0.00113  -0.00077  -0.00042  -0.00085  -0.00129  -0.00098  -0.00067  -0.00261  -0.00455  -0.00455  -0.00455
  -0.00121  -0.00093  -0.00065  -0.00115  -0.00164  -0.00147  -0.00130  -0.00298  -0.00466  -0.00466  -0.00466
   0.00072   0.00015  -0.00043  -0.00078  -0.00113  -0.00120  -0.00127  -0.00334  -0.00541  -0.00541  -0.00541
  -0.00110  -0.00081  -0.00052  -0.00069  -0.00087  -0.00059  -0.00032  -0.00173  -0.00315  -0.00315  -0.00315
  -0.00172  -0.00135  -0.00099  -0.00116  -0.00134  -0.00108  -0.00082  -0.00231  -0.00380  -0.00380  -0.00380
*****  BETA =  -8.000  *****
   0.00134   0.00168   0.00203   0.00171   0.00138   0.00166   0.00193  -0.00013  -0.00219  -0.00219  -0.00219
   0.00139   0.00162   0.00185   0.00156   0.00127   0.00121   0.00114  -0.00049  -0.00212  -0.00212  -0.00212
   0.00130   0.00154   0.00178   0.00157   0.00137   0.00143   0.00149  -0.00109  -0.00367  -0.00367  -0.00367
   0.00080   0.00122   0.00163   0.00115   0.00066   0.00086   0.00106  -0.00163  -0.00432  -0.00432  -0.00432
   0.00026   0.00074   0.00122   0.00076   0.00029   0.00034   0.00040  -0.00168  -0.00377  -0.00377  -0.00377
   0.00000   0.00000   0.00000   0.00000   0.00000   0.00000   0.00000   0.00000   0.00000   0.00000   0.00000
  -0.00136  -0.00095  -0.00054  -0.00083  -0.00112  -0.00078  -0.00044  -0.00226  -0.00409  -0.00409  -0.00409
  -0.00189  -0.00142  -0.00096  -0.00126  -0.00155  -0.00131  -0.00107  -0.00257  -0.00408  -0.00408  -0.00408
  -0.00164  -0.00142  -0.00121  -0.00130  -0.00140  -0.00139  -0.00139  -0.00298  -0.00457  -0.00457  -0.00457
  -0.00245  -0.00204  -0.00162  -0.00166  -0.00170  -0.00128  -0.00087  -0.00201  -0.00315  -0.00315  -0.00315
  -0.00283  -0.00226  -0.00169  -0.00170  -0.00171  -0.00145  -0.00120  -0.00235  -0.00350  -0.00350  -0.00350
*****  BETA =  -4.000  *****
   0.00093   0.00129   0.00164   0.00130   0.00096   0.00132   0.00167   0.00471   0.00774   0.00774   0.00774
   0.00092   0.00116   0.00140   0.00114   0.00087   0.00113   0.00139   0.00472   0.00805   0.00805   0.00805
   0.00081   0.00105   0.00129   0.00116   0.00103   0.00126   0.00148   0.00430   0.00712   0.00712   0.00712
   0.00056   0.00087   0.00117   0.00092   0.00067   0.00082   0.00097   0.00401   0.00705   0.00705   0.00705
   0.00041   0.00066   0.00091   0.00062   0.00033   0.00058   0.00083   0.00380   0.00677   0.00677   0.00677
   0.00000   0.00000   0.00000   0.00000   0.00000   0.00000   0.00000   0.00000   0.00000   0.00000   0.00000
  -0.00052  -0.00015   0.00022  -0.00006  -0.00034  -0.00006   0.00023   0.00350   0.00677   0.00677   0.00677
  -0.00081  -0.00042  -0.00003  -0.00039  -0.00074  -0.00032   0.00009   0.00361   0.00712   0.00712   0.00712
  -0.00093  -0.00062  -0.00031  -0.00048  -0.00066  -0.00043  -0.00021   0.00329   0.00678   0.00678   0.00678
  -0.00128  -0.00096  -0.00064  -0.00075  -0.00087  -0.00046  -0.00005   0.00376   0.00757   0.00757   0.00757
  -0.00139  -0.00099  -0.00059  -0.00075  -0.00091  -0.00054  -0.00017   0.00369   0.00755   0.00755   0.00755
*****  BETA =   0.000  *****
   0.00000   0.00000   0.00000   0.00000   0.00000   0.00000   0.00000   0.00000   0.00000   0.00000   0.00000
   0.00000   0.00000   0.00000   0.00000   0.00000   0.00000   0.00000   0.00000   0.00000   0.00000   0.00000
   0.00000   0.00000   0.00000   0.00000   0.00000   0.00000   0.00000   0.00000   0.00000   0.00000   0.00000
   0.00000   0.00000   0.00000   0.00000   0.00000   0.00000   0.00000   0.00000   0.00000   0.00000   0.00000
   0.00000   0.00000   0.00000   0.00000   0.00000   0.00000   0.00000   0.00000   0.00000   0.00000   0.00000
   0.00000   0.00000   0.00000   0.00000   0.00000   0.00000   0.00000   0.00000   0.00000   0.00000   0.00000
   0.00000   0.00000   0.00000   0.00000   0.00000   0.00000   0.00000   0.00000   0.00000   0.00000   0.00000
   0.00000   0.00000   0.00000   0.00000   0.00000   0.00000   0.00000   0.00000   0.00000   0.00000   0.00000
   0.00000   0.00000   0.00000   0.00000   0.00000   0.00000   0.00000   0.00000   0.00000   0.00000   0.00000
   0.00000   0.00000   0.00000   0.00000   0.00000   0.00000   0.00000   0.00000   0.00000   0.00000   0.00000
   0.00000   0.00000   0.00000   0.00000   0.00000   0.00000   0.00000   0.00000   0.00000   0.00000   0.00000
*****  BETA =   4.000  *****
  -0.00139  -0.00099  -0.00059  -0.00075  -0.00091  -0.00054  -0.00017   0.00369   0.00755   0.00755   0.00755
  -0.00128  -0.00096  -0.00064  -0.00075  -0.00087  -0.00046  -0.00005   0.00376   0.00757   0.00757   0.00757
  -0.00093  -0.00062  -0.00031  -0.00048  -0.00066  -0.00043  -0.00021   0.00329   0.00678   0.00678   0.00678
  -0.00081  -0.00042  -0.00003  -0.00039  -0.00074  -0.00032   0.00009   0.00361   0.00712   0.00712   0.00712
  -0.00052  -0.00015   0.00022  -0.00006  -0.00034  -0.00006   0.00023   0.00350   0.00677   0.00677   0.00677
   0.00000   0.00000   0.00000   0.00000   0.00000   0.00000   0.00000   0.00000   0.00000   0.00000   0.00000
   0.00041   0.00066   0.00091   0.00062   0.00033   0.00058   0.00083   0.00380   0.00677   0.00677   0.00677
   0.00056   0.00087   0.00117   0.00092   0.00067   0.00082   0.00097   0.00401   0.00705   0.00705   0.00705
   0.00081   0.00105   0.00129   0.00116   0.00103   0.00126   0.00148   0.00430   0.00712   0.00712   0.00712
   0.00092   0.00116   0.00140   0.00114   0.00087   0.00113   0.00139   0.00472   0.00805   0.00805   0.00805
   0.00093   0.00129   0.00164   0.00130   0.00096   0.00132   0.00167   0.00471   0.00774   0.00774   0.00774
*****  BETA =   8.000  *****
  -0.00283  -0.00226  -0.00169  -0.00170  -0.00171  -0.00145  -0.00120  -0.00235  -0.00350  -0.00350  -0.00350
  -0.00245  -0.00204  -0.00162  -0.00166  -0.00170  -0.00128  -0.00087  -0.00201  -0.00315  -0.00315  -0.00315
  -0.00164  -0.00142  -0.00121  -0.00130  -0.00140  -0.00139  -0.00139  -0.00298  -0.00457  -0.00457  -0.00457
  -0.00189  -0.00142  -0.00096  -0.00126  -0.00155  -0.00131  -0.00107  -0.00257  -0.00408  -0.00408  -0.00408
  -0.00136  -0.00095  -0.00054  -0.00083  -0.00112  -0.00078  -0.00044  -0.00226  -0.00409  -0.00409  -0.00409
   0.00000   0.00000   0.00000   0.00000   0.00000   0.00000   0.00000   0.00000   0.00000   0.00000   0.00000
   0.00026   0.00074   0.00122   0.00076   0.00029   0.00034   0.00040  -0.00168  -0.00377  -0.00377  -0.00377
   0.00080   0.00122   0.00163   0.00115   0.00066   0.00086   0.00106  -0.00163  -0.00432  -0.00432  -0.00432
   0.00130   0.00154   0.00178   0.00157   0.00137   0.00143   0.00149  -0.00109  -0.00367  -0.00367  -0.00367
   0.00139   0.00162   0.00185   0.00156   0.00127   0.00121   0.00114  -0.00049  -0.00212  -0.00212  -0.00212
   0.00134   0.00168   0.00203   0.00171   0.00138   0.00166   0.00193  -0.00013  -0.00219  -0.00219  -0.00219
*****  BETA =  12.000  *****
  -0.00172  -0.00135  -0.00099  -0.00116  -0.00134  -0.00108  -0.00082  -0.00231  -0.00380  -0.00380  -0.00380
  -0.00110  -0.00081  -0.00052  -0.00069  -0.00087  -0.00059  -0.00032  -0.00173  -0.00315  -0.00315  -0.00315
   0.00072   0.00015  -0.00043  -0.00078  -0.00113  -0.00120  -0.00127  -0.00334  -0.00541  -0.00541  -0.00541
  -0.00121  -0.00093  -0.00065  -0.00115  -0.00164  -0.00147  -0.00130  -0.00298  -0.00466  -0.00466  -0.00466
  -0.00113  -0.00077  -0.00042  -0.00085  -0.00129  -0.00098  -0.00067  -0.00261  -0.00455  -0.00455  -0.00455
   0.00000   0.00000   0.00000   0.00000   0.00000   0.00000   0.00000   0.00000   0.00000   0.00000   0.00000
   0.00167   0.00180   0.00193   0.00132   0.00071   0.00073   0.00075  -0.00150  -0.00375  -0.00375  -0.00375
   0.00222   0.00238   0.00254   0.00189   0.00124   0.00129   0.00135  -0.00111  -0.00358  -0.00358  -0.00358
   0.00275   0.00272   0.00269   0.00218   0.00168   0.00164   0.00161  -0.00083  -0.00327  -0.00327  -0.00327
   0.00268   0.00268   0.00269   0.00212   0.00156   0.00149   0.00142  -0.00033  -0.00209  -0.00209  -0.00209
   0.00276   0.00280   0.00283   0.00235   0.00186   0.00194   0.00202  -0.00009  -0.00220  -0.00220  -0.00220
*****  BETA =  14.000  *****
   0.00894   0.00538   0.00181   0.00064  -0.00054  -0.00051  -0.00048  -0.00237  -0.00427  -0.00427  -0.00427
   0.01670   0.01083   0.00496   0.00260   0.00023   0.00021   0.00019  -0.00161  -0.00341  -0.00341  -0.00341
   0.01692   0.01024   0.00355   0.00169  -0.00016  -0.00034  -0.00051  -0.00298  -0.00545  -0.00545  -0.00545
   0.00926   0.00459  -0.00008  -0.00055  -0.00102  -0.00089  -0.00076  -0.00270  -0.00465  -0.00465  -0.00465
   0.00129   0.00041  -0.00047  -0.00081  -0.00115  -0.00088  -0.00061  -0.00281  -0.00501  -0.00501  -0.00501
   0.00000   0.00000   0.00000   0.00000   0.00000   0.00000   0.00000   0.00000   0.00000   0.00000   0.00000
   0.00087   0.00155   0.00222   0.00155   0.00087   0.00088   0.00089  -0.00155  -0.00400  -0.00400  -0.00400
   0.00264   0.00298   0.00332   0.00247   0.00163   0.00159   0.00155  -0.00102  -0.00359  -0.00359  -0.00359
   0.00326   0.00340   0.00355   0.00279   0.00204   0.00169   0.00135  -0.00106  -0.00347  -0.00347  -0.00347
   0.00323   0.00336   0.00349   0.00265   0.00181   0.00150   0.00119  -0.00090  -0.00299  -0.00299  -0.00299
   0.00329   0.00346   0.00363   0.00283   0.00203   0.00192   0.00181  -0.00057  -0.00295  -0.00295  -0.00295
*****  BETA =  16.000  *****
   0.01569   0.01759   0.01949   0.01602   0.01254   0.01609   0.01965   0.01434   0.00904   0.00904   0.00904
   0.01213   0.01736   0.02259   0.01560   0.00861   0.01349   0.01837   0.01388   0.00938   0.00938   0.00938
   0.01208   0.01659   0.02110   0.00897  -0.00317  -0.00116   0.00085   0.00439   0.00792   0.00792   0.00792
   0.01150   0.01179   0.01207   0.00514  -0.00178  -0.00148  -0.00117  -0.00460  -0.00803  -0.00803  -0.00803
   0.00734   0.00588   0.00441   0.00144  -0.00154  -0.00142  -0.00130  -0.00502  -0.00875  -0.00875  -0.00875
   0.00000   0.00000   0.00000   0.00000   0.00000   0.00000   0.00000   0.00000   0.00000   0.00000   0.00000
  -0.00609  -0.00288   0.00032   0.00092   0.00151   0.00138   0.00126  -0.00125  -0.00376  -0.00376  -0.00376
  -0.01387  -0.00556   0.00274   0.00285   0.00296   0.00254   0.00212  -0.00072  -0.00356  -0.00356  -0.00356
  -0.01275  -0.00465   0.00344   0.00349   0.00355   0.00259   0.00163  -0.00094  -0.00352  -0.00352  -0.00352
  -0.01241  -0.00454   0.00333   0.00329   0.00325   0.00238   0.00150  -0.00099  -0.00348  -0.00348  -0.00348
  -0.01232  -0.00436   0.00360   0.00345   0.00330   0.00258   0.00185  -0.00088  -0.00362  -0.00362  -0.00362
*****  BETA =  18.000  *****
   0.00834   0.00647   0.00460   0.00610   0.00759   0.00648   0.00537   0.00063  -0.00411  -0.00411  -0.00411
   0.00717   0.00502   0.00287   0.00485   0.00682   0.00589   0.00496   0.00288   0.00079   0.00079   0.00079
   0.00493   0.00239  -0.00015   0.00267   0.00548   0.00434   0.00320   0.00018  -0.00283  -0.00283  -0.00283
   0.00203   0.00027  -0.00149   0.00049   0.00246   0.00200   0.00153  -0.00118  -0.00390  -0.00390  -0.00390
   0.00029  -0.00020  -0.00070   0.00200   0.00469   0.00228  -0.00014  -0.00296  -0.00578  -0.00578  -0.00578
   0.00000   0.00000   0.00000   0.00000   0.00000   0.00000   0.00000   0.00000   0.00000   0.00000   0.00000
  -0.00138  -0.00398  -0.00658  -0.00884  -0.01111  -0.00942  -0.00772  -0.00626  -0.00481  -0.00481  -0.00481
  -0.00795  -0.01344  -0.01893  -0.01789  -0.01686  -0.01687  -0.01687  -0.01233  -0.00779  -0.00779  -0.00779
  -0.01303  -0.01717  -0.02132  -0.01809  -0.01486  -0.01516  -0.01546  -0.01232  -0.00919  -0.00919  -0.00919
  -0.01746  -0.01927  -0.02109  -0.01738  -0.01367  -0.01349  -0.01331  -0.01243  -0.01155  -0.01155  -0.01155
  -0.01777  -0.01917  -0.02057  -0.01691  -0.01326  -0.01303  -0.01280  -0.01227  -0.01175  -0.01175  -0.01175
*****  BETA =  20.000  *****
   0.00816   0.00815   0.00814   0.00747   0.00680   0.00600   0.00519  -0.00359  -0.01237  -0.01237  -0.01237
   0.00726   0.00736   0.00747   0.00701   0.00656   0.00576   0.00496   0.00295   0.00093   0.00093   0.00093
   0.00545   0.00585   0.00626   0.00583   0.00541   0.00451   0.00361  -0.00014  -0.00389  -0.00389  -0.00389
   0.00284   0.00312   0.00340   0.00285   0.00230   0.00209   0.00187  -0.00115  -0.00418  -0.00418  -0.00418
   0.00156   0.00172   0.00188   0.00170   0.00153   0.00144   0.00135  -0.00196  -0.00528  -0.00528  -0.00528
   0.00000   0.00000   0.00000   0.00000   0.00000   0.00000   0.00000   0.00000   0.00000   0.00000   0.00000
  -0.00131  -0.00105  -0.00079  -0.00110  -0.00140  -0.00089  -0.00037  -0.01118  -0.02199  -0.02199  -0.02199
  -0.00294  -0.00185  -0.00076  -0.00191  -0.00305  -0.00237  -0.00170  -0.00746  -0.01322  -0.01322  -0.01322
  -0.00232  -0.00165  -0.00098  -0.00149  -0.00199  -0.00244  -0.00290  -0.00991  -0.01693  -0.01693  -0.01693
  -0.00420  -0.00408  -0.00395  -0.00571  -0.00747  -0.00666  -0.00585  -0.00860  -0.01136  -0.01136  -0.01136
  -0.00621  -0.00624  -0.00627  -0.00821  -0.01016  -0.00806  -0.00596  -0.00329  -0.00062  -0.00062  -0.00062

==========  CDDRBETA - DR,ALPHA,BETA  ==========
*****  BETA = -20.000  *****
  -0.02287  -0.02255  -0.02223  -0.02231  -0.02239  -0.02283  -0.02326  -0.02168  -0.02009  -0.02009  -0.02009
  -0.02060  -0.02039  -0.02017  -0.02014  -0.02011  -0.02051  -0.02090  -0.02187  -0.02284  -0.02284  -0.02284
  -0.01665  -0.01631  -0.01597  -0.01583  -0.01569  -0.01591  -0.01613  -0.01669  -0.01724  -0.01724  -0.01724
  -0.01112  -0.01078  -0.01044  -0.01050  -0.01055  -0.01085  -0.01115  -0.01052  -0.00989  -0.00989  -0.00989
